[23060]
[76939]
[20124065]
[20647072]
[22322296]
[29489268]
[34000255]
[38082891]
[43713031]
[52399984]
[60717370]
[61257994]
[69153571]
[73277618]
[88427484]
[90823782]
[93019026]
[97489385]
[97665374]
[103187070]
[110643902]
[120129904]
[135190091]
[161050762]
[162002915]
[164122904]
[168759267]
[169907505]
[171248617]
[179302991]
[184180491]
[201378967]
[240954082]
[247930142]
[251559597]
[265140292]
[279659978]
[291075957]
[307041418]
[319114525]
[324039065]
[349898948]
[358477017]
[358995871]
[389508042]
[452019715]
[179728]
[474260]
[1395821]
[1489927]
[1505878]
[1736064]
[2646432]
[2728193]
[2909425]
[3368008]
[4636454]
[6760967]
[7892706]
[9938927]
[13318944]
[14003224]
[14659482]
[15971651]
[16158682]
[21225112]
[22292547]
[25751563]
[29755795]
[36423527]
[41019630]
[44142979]
[48038134]
[49828958]
[50858638]
[52148726]
[52837025]
[56871221]
[57101490]
[60925712]
[63161562]
[66805157]
[69195100]
[69511861]
[69846694]
[76269893]
[77062854]
[78682206]
[83717546]
[85036573]
[91320971]
[92444795]
[95209963]
[97956229]
[101255006]
[103518548]
[110821280]
[111990238]
[112388626]
[116738718]
[127845402]
[128018796]
[133015255]
[133095018]
[134735367]
[137639416]
[137906902]
[138186320]
[143648817]
[145397281]
[145709561]
[145747358]
[146474936]
[149076017]
[150843088]
[151063914]
[151414919]
[153049362]
[153576592]
[154861243]
[154941750]
[156324185]
[156718069]
[161030224]
[162197242]
[163769174]
[164043781]
[164674848]
[164986383]
[165199875]
[166231430]
[166411821]
[170398573]
[170759446]
[171297552]
[172803068]
[174614771]
[176075097]
[176216539]
[178775849]
[179178411]
[179633734]
[182321509]
[182409108]
[184022627]
[185549955]
[186046486]
[186433099]
[187079665]
[190737135]
[191931928]
[192263389]
[192506913]
[197059973]
[197659887]
[199266118]
[199396801]
[202786065]
[203332153]
[203661581]
[206325735]
[207421537]
[210458248]
[210799885]
[211433846]
[212428512]
[215351442]
[216134034]
[217408421]
[218619644]
[218726969]
[219134887]
[220293228]
[220500327]
[222030165]
[223539763]
[225053594]
[226768999]
[228509553]
[229556682]
[229793926]
[230014035]
[230307340]
[231203188]
[233896920]
[234264762]
[234996613]
[235452657]
[235630925]
[236381200]
[236786216]
[237199203]
[238451456]
[239012426]
[239531682]
[242339719]
[244191340]
[245122331]
[246586357]
[249452714]
[250273439]
[252291653]
[252504247]
[254462247]
[255111510]
[259755291]
[260453966]
[261588187]
[262757576]
[262780428]
[263235631]
[269109484]
[271464718]
[271952708]
[273433616]
[273598307]
[281704262]
[284826617]
[286833035]
[289805383]
[290021496]
[290845848]
[291590970]
[294605052]
[295967008]
[298406239]
[299823659]
[307762440]
[315760478]
[315767059]
[317715338]
[320710679]
[321519190]
[321937583]
[331373419]
[331700855]
[332398551]
[333103208]
[334605701]
[351971165]
[360307373]
[371213809]
[376761280]
[382803844]
[388380383]
[390247016]
[390582530]
[393033000]
[402716017]
[404094627]
[406920643]
[432377278]
[437633203]
[440717498]
[441056706]
[450464960]
[470090203]
[470563154]
[479578869]
[479631674]
[2004404]
[3459515]
[5925286]
[12469042]
[16760138]
[22359630]
[22723758]
[27494229]
[34881474]
[47021252]
[60636470]
[71457456]
[78570970]
[79170994]
[79764294]
[79932545]
[81874999]
[87240918]
[87893977]
[88924303]
[91996763]
[98365898]
[98561082]
[112372824]
[113675676]
[118325392]
[120621939]
[129992437]
[134133578]
[135682009]
[135885474]
[140509523]
[141481582]
[142837394]
[144450164]
[144829305]
[146325989]
[146882806]
[148136371]
[148210125]
[148336688]
[150521522]
[151354751]
[152727091]
[153042802]
[155506239]
[157157090]
[157464280]
[157812697]
[157879443]
[158246910]
[158373331]
[159235184]
[159761363]
[160165885]
[161183868]
[161603382]
[161677711]
[161701005]
[163659251]
[163946160]
[164764039]
[166355164]
[167042027]
[168048479]
[170959268]
[172613639]
[174385342]
[174826003]
[176907909]
[178764516]
[180622193]
[180891050]
[180966057]
[183049561]
[184719801]
[185466574]
[186818977]
[188091326]
[191433594]
[194344418]
[194418461]
[194882640]
[195248421]
[195573500]
[197380815]
[197899951]
[199341667]
[199700572]
[199808578]
[201451199]
[204181642]
[204445852]
[206303280]
[208237464]
[209546269]
[209954178]
[210025769]
[210520602]
[212133536]
[212768708]
[216133508]
[218320122]
[220837827]
[221256835]
[223674631]
[223995222]
[224047331]
[226422412]
[227829906]
[229057481]
[232045132]
[232049461]
[234221994]
[235108266]
[236381200]
[238928959]
[239219793]
[240060089]
[244692512]
[247763397]
[251634872]
[252691002]
[257140018]
[261277363]
[263819670]
[266642659]
[271660564]
[272048927]
[273660921]
[276312858]
[277268473]
[283742528]
[285197220]
[294418586]
[295424127]
[306669182]
[307830620]
[309210247]
[318087952]
[318230738]
[318779243]
[319084534]
[326748769]
[326764166]
[327754190]
[331114925]
[331938483]
[339001070]
[340484130]
[346748028]
[353421694]
[362870494]
[365259347]
[365698755]
[366999922]
[375076596]
[383967839]
[388519066]
[389057540]
[389697614]
[391964354]
[401802622]
[402032033]
[404280505]
[404533081]
[420151991]
[435903504]
[436922354]
[458729087]
[477369357]
